calibration_date: '2026-06-18 17:48:49'
camera_name: camera_1
image_width: 1280
image_height: 960
distortion_model: plumb_bob
camera_model: pinhole
board_type: charuco
board_width: 11
board_height: 8
square_size: 0.020999999716877937
marker_size: 0.014999999664723873
aruco_dict: DICT_4X4_50
num_calibration_frames: 35
reprojection_error: 0.1793894425877985
camera_matrix:
  rows: 3
  cols: 3
  data:
  - 488.31088823052755
  - 0.0
  - 647.846919881951
  - 0.0
  - 493.6294483217684
  - 513.414889797276
  - 0.0
  - 0.0
  - 1.0
distortion_coefficients:
  rows: 1
  cols: 5
  data:
  - -0.3112978153440105
  - 0.15431516540306534
  - -0.0014882893582261717
  - 0.0022164735436313475
  - -0.05947053168235783
rectification_matrix:
  rows: 3
  cols: 3
  data:
  - 1.0
  - 0.0
  - 0.0
  - 0.0
  - 1.0
  - 0.0
  - 0.0
  - 0.0
  - 1.0
projection_matrix:
  rows: 3
  cols: 4
  data:
  - 488.31088823052755
  - 0.0
  - 647.846919881951
  - 0.0
  - 0.0
  - 493.6294483217684
  - 513.414889797276
  - 0.0
  - 0.0
  - 0.0
  - 1.0
  - 0.0
