image_width: 320
image_height: 240
camera_name: ov5647
camera_matrix:
  rows: 3
  cols: 3
  data:
  - 145.27267856479284
  - 0.0
  - 161.76397439594925
  - 0.0
  - 145.30576260005628
  - 110.50919052294557
  - 0.0
  - 0.0
  - 1.0
distortion_model: plumb_bob
distortion_coefficients:
  rows: 1
  cols: 5
  data:
  - -0.2770802659095023
  - 0.07737389996775526
  - 0.0028925504870314107
  - -0.002966597851266806
  - -0.009137129134340168
rectification_matrix:
  rows: 3
  cols: 3
  data:
  - 1.0
  - 0.0
  - 0.0
  - 0.0
  - 1.0
  - 0.0
  - 0.0
  - 0.0
  - 1.0
projection_matrix:
  rows: 3
  cols: 4
  data:
  - 145.27267856479284
  - 0.0
  - 161.76397439594925
  - 0.0
  - 0.0
  - 145.30576260005628
  - 110.50919052294557
  - 0.0
  - 0.0
  - 0.0
  - 1.0
  - 0.0
# RMSE 2.512859 px