image_width: 1920
image_height: 1080
camera_name: ov5647
camera_matrix:
  rows: 3
  cols: 3
  data:
  - 1260.8553081751895
  - 0.0
  - 936.7143439145044
  - 0.0
  - 1268.2260802179353
  - 482.58090352013636
  - 0.0
  - 0.0
  - 1.0
distortion_model: plumb_bob
distortion_coefficients:
  rows: 1
  cols: 5
  data:
  - -0.36553977349752464
  - 0.2060865738141394
  - -0.0001564171752360118
  - 0.0002131889125991906
  - -0.07506599345417021
rectification_matrix:
  rows: 3
  cols: 3
  data:
  - 1.0
  - 0.0
  - 0.0
  - 0.0
  - 1.0
  - 0.0
  - 0.0
  - 0.0
  - 1.0
projection_matrix:
  rows: 3
  cols: 4
  data:
  - 1260.8553081751895
  - 0.0
  - 936.7143439145044
  - 0.0
  - 0.0
  - 1268.2260802179353
  - 482.58090352013636
  - 0.0
  - 0.0
  - 0.0
  - 1.0
  - 0.0
# RMSE 0.821740 px